878282264
106668700
182093989
196122295
627446561
880282151
647529893
755488849
159028708
286942200
338883400
576942395
507408816
943533416
412922119
989616819
734590664
533216577
374103872
30867969
666713716
305266291
264801454
123389448
263749264
740524379
130807633
753121041
145386035
118758488
796375968
554813104
94517536
228830419
195491778
882419765
943206376
358139489
535478170
886290684
866135754
541412750
892815187
11411588
477269099
397932742
463615307
315385989
741925679
361332260
508138293
891983032
587492764
16301036
44135433
830341725
198987224
50115129
504345773
586389812
289704963
702045431
698708076
239488293
336215699
437639994
628152426
513054021
191833684
414404618
330352988
456287039
668853392
132792022
285347179
297026225
40894243
436103240
503611694
300651548
910580068
261490618
653549984
811936160
731934762
796039045
613975907
494952148
704838805
698531518
798087391
408608759
19445865
240299156
56059069
358541008
990561327
870174764
250218678
373281671
768410553
867179426
878469619
496948860
960262084
152078966
618852413
864448705
284839368
293579475
706434446
911450938
637598591
709440890
340634738
110091721
643547180
649030383
812667216
802621061
953865942
705588943
593086890
65772101
96961372
994202862
112056866
123504669
610802888
246447895
224492063
151090237
80419925
34418057
29838920
750071057
693424296
760051030
421788165
26070270
185987299
280702217
549048585
910430777
585192193
167403130
159968192
44411606
521949085
27416305
14273972
848295702
494008398
698558659
743535413
932724777
68755797
362101099
64020126
814098725
167523826
21288933
707954823
437857567
188532520
308585763
879575
883445833
660574106
40233491
305981783
56273129
190844492
476273377
189442619
526155297
244399155
379014322
591651971
951219849
727542468
145625120
931845717
121322129
412301087
968497259
38769458
921398074
223937689
671282704
202188332
631975973
204315041
913169658
533587136
84996091
271952372
310044781
56494037
197136675
120040191
513975907
887795464
588441613
538540313
643720725
23204499
259206243
960020394
916949645
916359514
733552783
884308511
530965374
449843265
316338772
440423900
416606583
985374237
379031016
683763017
789171653
213282276
521781727
439045012
530050091
992045290
805707729
968492688
689753486
39746755
163077111
929575452
531382167
382985648
311308017
843467537
33322103
702541214
350893340
547225746
396867754
645524450
231800766
645211500
567424708
823567593
422653353
124303684
429250472
704318894
130060430
684791701
400840383
655853578
258484059
717648999
455389158
341826243
766657061
613111509
748290450
976457244
672818196
132467792
320245075
284406105
916286117
209128355
836475653
265642781
999400849
222949972
727965071
647201394
922130220
927231578
476588043
652226923
417259022
450711213
550240848
695461236
921633829
89143377
198233181
219737819
245585541
265508101
636288754
255795544
464576804
72609050
430308054
217880106
761861046
501312744
963739522
370137251
657266390
581642437
836866454
151121749
773523659
734198907
836086244
347961964
926084804
539311636
163394713
461293467
732145330
946612830
75093076
777954599
144432337
311591152
468327320
244629953
124572480
570142768
109636079
616614340
161899611
869677481
446784091
586815414
768255967
118190898
853225780
610127859
292861599
829805407
994252461
109368065
921643926
919850299
84297887
489325080
427971709
68113227
165327968
245436401
132546264
595485156
965416741
653478149
92949314
428994376
170364398
409600303
772973285
799198028
94767643
41673312
840526095
468249426
506128767
290624800
544520835
875537108
929396787
462723905
507283088
948814465
355323025
234168290
422384467
999483283
788963567
173901058
95990212
634129604
661372948
932974133
326013953
542861242
41445064
877585574
332326102
338633201
912205390
783205894
498717517
31187245
656157162
432291904
251592930
959495800
632466047
838919108
493763500
40530128
283361604
875593493
458696513
252015919
681689486
483410255
441112404
715879529
107204469
86996722
462406898
363414809
961129292
693637157
514562337
382507294
542282874
871641317
507388399
306723634
884323363
322526269
266537479
830247758
685410682
656407825
414813429
832341623
449792556
849204651
337581924
913382075
299496473
604992936
887258314
900566075
266852427
115577078
263734246
636170743
701821629
268396073
629173348
826883038
556453926
917551885
621411617
247439266
935045725
77263438
663487250
326697642
311652464
96828857
320088872
581162644
415826082
298693555
337937349
419825254
47418834
917000188
952822558
610113634
669484278
995992380
803253129
103238262
865714784
306711931
825884138
103866688
900209721
934995859
658554585
875044531
754893867
376542799
107496869
383838780
902385651
648654670
25100077
483045833
752318791
533134172
373348681
290245361
937587616
96594757
923930281
580221322
983160230
570716518
580884742
554501781
645625844
998203913
695758343
764087837
213269157
551348621
172828834
96758037
215210112
194111063
748086325
706395135
337523124
317327795
652053862
118029528
336548359
480245309
483056455
846935047
976015423
392569058
690401695
691947754
743177471
302568430
381616694
270123879
385350751
39147398
594889619
432474541
128099205
48824798
460844406
835246136
364594781
612917171
833674071
893794155
196601464
805926234
8290093
930384523
880730490
284826358
246925483
995389448
269638534
514739552
490953431
348915887
905245752
922761121
959864696
965416482
265892603
65744769
944942313
684935934
684238643
171483928
759033852
73881092
242274025
849419975
681519701
581375144
788856240
59772860
702339658
108465431
324933712
596435016
181329480
853092819
491122748
348522671
13062784
262289990
783298150
522963241
472650433
764685432
201478613
322632365
763780859
899556952
729589252
977945163
278678885
627885682
848712474
625917461
978624456
373002408
508973874
584492799
242235041
456475878
956142510
439907007
34298154
739958553
60231021
555230531
407988736
665357766
209085729
881494107
660565041
3634934
122333599
198500379
582135009
451402276
754614393
743262758
124841465
532248036
84069688
942743746
478833298
273610827
902809169
513999236
39275592
105413946
676969905
560749633
659755975
729492303
895906617
103072242
610634344
571633128
327907962
930188203
202598615
393258724
211034729
794047978
148124631
808373927
536469399
790110909
974910839
111922086
6124816
346231762
247846637
39084840
103439531
719343726
618983260
664459441
102146612
203541403
375464730
146954865
183388011
938643377
872553436
813450255
122947212
454691362
337855854
367340658
849541304
37116679
240444578
361055297
832525993
28064325
918314297
533784820
371999003
626829201
944380700
599926536
646685043
91435625
602182981
481261512
204109555
952691644
572164504
193322882
111082736
211730708
447912187
966095219
521366272
389452131
738244056
114883815
179504857
830256909
164321267
755373844
795589479
166188882
437975001
330005638
935854052
81420727
90240828
310588265
383805657
807198490
168976563
810001030
453924689
433359117
451599814
343045514
250453795
711906291
480908276
131410120
648091828
327392733
253693225
445842582
779098592
404277990
231800480
761139407
762160536
658186918
69208130
627279416
631174926
854297481
412381641
838611357
46713970
309244430
566917714
824712765
419972556
633068791
561258473
589344409
809877675
230976106
206010616
179358324
392844019
980474380
207925212
360963317
542451231
541177018
112467962
412180748
416456120
99485517
925479426
151126550
702189386
445635890
494268041
772414416
439458364
205833621
355365844
357801694
566965843
129165447
309828878
854950212
528629029
603588838
695929222
608216129
401526883
599207749
440643497
889863279
726565410
140000639
689448737
925082136
889505802
339500048
690551588
802437821
72622694
278550412
601989316
419231444
379610785
394789115
69727595
68061745
763241065
6890616
527114807
936122901
87796723
419185393
207329436
65963565
750518372
895633746
718292576
607216938
883674604
297919316
50481693
518416061
635383460
227110983
508325028
24053525
757509133
689170955
217871356
889416331
292004234
889797928
218142500
241083988
615347884
341120714
201235765
89494232
280214155
284908740
640045395
263055459
356766724
385557641
373567113
547188920
963159592
571323696
37325205
656219270
397580283
501766385
613329401
739522839
678580012
992335400
516098724
77466145
865432728
773684974
735386154
513272263
134901996
486268981
521562209
714064548
98136381
654296360
21113065
522474508
110181217
126917615
624462711
119238074
184699776
472906491
109202026
236451352
627252638
966894434
515817236
547147303
80975994
341830401
819316696
179524219
20966517
574024169
941871999
28300420
907780629
724007124
670675270
639408681
777699650
781338465
662229224
847364266
794202737
973720903
371042511
29407270
834516752
643171736
955871217
961396769
270742298
979674716
387800719
540012980
203433698
162393884
516863130
307986196
356348979
540902476
355432871
100239563
553471398
916894489
452700905
817650100
556154979
150371717
941709143
372408932
925233676
880696034
774830078
889370604
17770001
620536781
522135169
720470663
443295685
905085391
607709810
281966598
144106373
193282835
726883463
582360401
520956039
751563982
281336523
836011007
745984014
462873654
750857479
846063284
584356913
59158387
430055326
979281521
181489463
108718366
818324100
392773536
247574807
383443495
288898674
784011327
721706326
720971445
677444281
560258842
622901351
33088158
293478880
230735699
311696926
662874948
652079859
723028282
784930985
280449046
296095335
173792223
201654925
353965661
103300969
943249750
41171844
489610640
248641760
587194547
847708690
245770097
383453891
164804228
276508087
816867999
569900633
701151264
680895152
842455939
716260170
968206877
808134107
25958889
862916797
437456182
418709452
114992905
115015210
922742574
483904667
65249266
851542993
363179790
283336824
898872881
231677465
545808919
919801566
332977125
868545973
888812613
549496551
44837021
454085181
946789293
771452736
629047225
914760026
71061678
976842198
583823984
303939610
136638182
102110736
167015741
946845094
917448351
158062820
489515336
437883299
941317341
211600364
189209999
32919684
132009773
162882633
529933712
509501470
76709194
475829633
384778327
486465635
580156836
590630996
843447496
67703957
304644754
642416752
518911364
419095952
956434730
392469187
598076244
807600293
965958398
106091098
376928720
402679819
720338451
488777044
983667015
384551847
559807987
474842212
167607721
518296945
540148464
737498030
42517769
844288747
664348486
355056455
259231374
980133479
543811517
830074371
396035920
559053254
239686871
559923130
996391090
738170918
776552976
505191256
46633315
6341332
989545804
805089654
967353006
164422105
803286643
775080232
468135448
363314016
508032670
578309526
903929567
706866973
104980887
11852476
785789490
249872931
252137204
362501179
475903788
681450587
295868032
683635970
223263263
878148100
443354070
747072364
59383022
480070367
837942376
678706279
997918326
89381601
252319506
674239221
451042181
35580823
939102035
43633231
391642204
28820817
256740417
638647899
474853900
177749764
267101579
142806433
951686424
960492104
869969944
138122483
901076095
114073392
910047900
233346198
606539545
652342230
428981106
496707922
883319937
156163405
214762021
628236187
405670341
143455312
221993906
878617405
187355731
676182719
992077421
745491038
794334236
137571339
738718799
17020214
282062569
159449825
939515996
937163796
115641231
748540606
811405193
242117963
700560161
310005923
527030229
121297993
106228557
543243448
845608215
460125001
600356476
948347725
998691017
217910543
531412383
643107950
216493399
740925798
245959268
979811359
292075345
944877546
113374449
802527583
316441995
130264747
964356672
512828465
915440210
738688506
65238077
632116628
702075909
965668751
559751392
710142645
633245200
203200406
589256416
800713411
997536233
967003242
484853319
653306049
2813129
939145527
201215544
188071044
768906918
943710898
956997569
487929705
244783072
15662129
495811207
576289570
740404399
431648717
640536849
455547865
328883065
130706349
886735158
938424045
739031526
670515934
481663341
169441250
663110726
545028333
356519461
424481787
375160023
415351004
298168090
713537947
434730435
266275899
930805842
230670747
494844568
11932200
788726837
140067924
271085056
130073879
301463273
979499917
839526880
816334102
552584169
536659175
140511183
746979584
556284118
705507133
55022757
322171718
723557074
685195019
800661745
120089579
720155204
986245971
433887456
502746835
586627557
826950802
810936953
808996820
78328024
470472191
272652385
283473546
132175492
24422608
325045035
622500489
46695561
657990082
661759469
61186576
445739319
58953201
884972494
146518166
738811882
682858968
755245457
292282919
730911370
5158387
364239988
351032362
740066933
806106440
954047692
664338614
349224688
876345680
245035102
515906217
595914068
385787878
630387796
319896255
621478196
579671856
809664252
332331746
909574015
874380433
234169976
937026656
193509446
196203563
765982845
465705871
300792186
282138224
882871882
720738252
757436436
580664020
900583824
370861922
9390275
899740201
628895614
470283210
116961898
820306894
506001622
609111870
103797283
965190675
687998843
896248795
231018830
743780366
207148606
217764290
962472661
525843691
776403650
17960689
728705347
182263465
626969246
297075861
852860759
935640922
209863264
388108305
214399857
90828208
804042836
765378769
824602900
66483132
477890581
989676149
23483654
631608256
398448952
307788873
387771299
87532191
114020879
363256712
699814491
278844462
886349551
731846250
632027870
320879144
650590197
936303045
372412635
843513697
550680168
240699486
693505071
822661466
929216675
613930478
604083097
259223047
180170785
57372977
87900323
682260720
600264499
782248264
37697489
316234210
620014986
272628551
777791826
193702409
736507990
9194456
821267538
831841262
402822183
833563501
780376467
245547669
977058195
32431234
444080298
235598655
978163138
308132155
991364782
231167018
675221995
342951243
937329106
979493319
113322382
248268174
6413415
671029832
854720418
954355901
275900487
287271471
173835890
486825877
731964836
869364176
79730061
684225534
417331358
908402947
120253115
826246801
461915271
231188047
830072025
734015619
995232393
271171950
910644344
961947912
358379524
300405313
362580498
589119535
303830041
509986502
697472499
875427913
394271790
334839473
512150836
531765510
170772199
401701189
551019524
989098869
738671509
445139558
395848906
792567526
159909548
931950865
380380883
464487758
258828279
845365739
507491079
784431426
502731010
626246105
667516480
415981042
651690692
537941427
461860144
639498225
875027533
343382480
875903717
687053383
998352301
475916999
510191380
325321100
432150395
1096339
158357171
522682725
357013039
847645343
556027708
771161862
189796158
663334623
793840158
637884338
289908989
973400522
513457119
561060765
259544712
758714204
85456235
156057819
187534004
930165999
930715895
656531091
679892370
814454957
42761372
351342039
620778071
65789439
1469314
813861212
652209839
903581976
99208409
472952156
106281995
593457791
98462773
505055825
120605967
513598363
405892707
876923631
198264234
826908018
684778253
532869261
384819108
990687670
293924110
816368846
65463663
90833426
631357806
454658497
988940999
651488150
374744224
371795621
177265886
816508086
215914642
527569395
47278821
941084432
453425780
306169530
826611811
545445458
601126652
465573840
801529966
198423028
70301918
592115078
296920113
69970516
908424136
781101436
414221279
517145563
664866478
404730884
605283087
902264197
495103412
755342686
576194907
772240999
122253415
447990924
102530978
243751987
661148748
797423195
992294154
977379164
835623732
860258769
693348134
170041679
228863301
829087038
914368762
211161679
20207348
911754582
426071737
876831834
9236846
470964981
628322216
119248508
535846556
127013191
542367665
406818437
100347117
696896504
408876774
43535366
538625605
921109748
549414427
976086263
394184280
481194261
997982141
249579792
364345447
543908413
362820718
305265539
561109250
722683307
970511606
442645982
551683292
712008563
286568433
568649554
59578211
323467073
505160010
680199981
697069229
916232722
634940484
246888544
629494960
913635622
528492456
502369147
944534542
993341313
938081557
549077323
224767972
585186466
911198488
817839975
593281211
754743601
129243367
382065809
369774516
541567416
43910693
151775496
172924671
646091767
718701102
491713572
581367778
733682724
993132835
709923027
194669572
522414057
874885989
332735025
462657411
176100670
733074101
363783047
259802747
395845445
797842831
828346972
591255972
279534591
79184440
319011981
123698393
136404221
116326666
290541464
410268594
594116013
63211785
491895658
878087835
538976149
917482836
382612106
991246874
81743742
484373279
216329404
795536916
260746069
42097063
20083267
970830151
891396275
407508380
53047346
750033837
227680518
686887709
511698368
453341757
862381984
288200347
49290353
110394481
11365372
604903841
899648844
259361687
365497680
7564403
86070507
486994710
810167597
546040590
419415693
204847022
432759611
446521575
814294467
166431554
411917853
508635478
602155633
33217326
962157589
795448196
438197479
57726966
831515461
200096305
771298970
274459085
555091700
701538998
959523879
722543088
778405251
134292880
321481679
243733974
80718309
120733251
725673052
229005973
422553166
511915614
669013338
931669806
531690655
679970465
473321949
550883704
98296902
755544168
564551148
498444441
662524879
16279534
156286714
205876842
237029491
855005629
162313383
697413537
888890219
819840846
383905513
315770264
836502131
589123611
388287889
271675069
257075489
561333167
265199804
365147237
94398936
503822512
799074234
299279739
20797429
549225079
801528057
168547241
656836751
484310972
141670394
502314435
663601793
610276494
711721099
544422093
255151052
372824008
999015699
979870491
322437117
551269597
508877594
367259502
586161916
911797413
64728473
507190907
72073739
132860417
988659830
588677658
539259021
652943566
519582226
293903191
549792463
868242185
577740284
526882578
355662207
409433308
655616658
955938224
587342720
542470052
78953836
344742267
557266010
293038207
307053405
638826118
309099431
271765101
669763098
579548341
315740918
191775865
632666758
547187501
425658151
32277964
292721216
176807632
313152256
679251850
777653977
163884108
853091274
846976315
424392959
838108028
464440687
301181150
425669790
490376198
354667901
612829958
508929601
953897809
63590095
704259799
557968460
248109352
817649237
184611101
921091400
764871338
231233077
275308739
822126770
63814582
769473292
371623783
351043036
463011538
490336733
264758883
460316797
144874911
508942239
110221490
13949077
125145400
770285328
121916870
507844565
819276901
444385231
373079901
858705404
133272264
339454004
67460349
97365695
308792690
971947136
316248809
734616013
657689305
585905931
210550760
229654279
991837647
52154179
794306560
165951116
55261681
510956104
360675980
577055959
219124098
669825164
42132463
606051635
169873083
757629385
553186104
536376365
594057342
915212545
930612613
770833463
836802182
168469177
13019825
186325959
462828679
959912742
814385566
282888934
532352033
847604353
234454021
887226385
43964126
900812460
152256222
110476277
646812636
619137786
22729688
317109316
487212827
673444041
348434620
199660526
846165482
407811934
894005014
316684472
527690584
744124522
823308199
76829851
180276208
968256412
656710484
374187031
626581285
383745977
411318017
655446297
944394756
659502894
829592825
71385312
506135370
347786248
763847044
440021535
255345449
420184822
78798209
818574193
936066270
258530955
65613457
383214871
106683142
607101353
7892151
671724677
625689892
386366000
587055925
618888280
914777380
305055538
714480864
994073257
770142611
922552200
758095094
270761526
636337842
855735345
904757156
314473058
701751002
243944018
384521995
569408755
227662391
466022480
329008961
375851335
89723046
763922720
529953342
749748120
815815526
355493047
629378582
743811099
187423055
288349954
585942798
807180360
42914131
156773202
717771800
905211948
413432323
591137129
577651493
302060466
369362666
678653136
195240729
674546916
934132699
919650142
712831786
775212180
121123415
654694640
79964704
30444355
906554388
97980359
377088675
850343811
955873173
187382019
970365214
376978740
843543398
129201495
151141264
815155562
345915797
403480206
274060574
425240604
511352170
60704827
231558603
238374835
816516989
465985961
668388935
290763651
687601412
646906418
943854720
304834437
584218341
982122940
149225008
22572377
26830660
463721272
681548656
274753911
251271726
159637149
972231805
760437567
857992149
704321416
146725400
669004082
448892657
834340196
627453699
511505828
833475694
580437547
694479426
181696752
701357977
975549578
592133877
74225521
208724422
441524045
210552292
675142429
903126629
39415740
215808081
617719394
492727644
705285496
12755021
590816200
323222477
760736432
248795396
944003868
634619393
339902949
3721969
41935610
657136325
595635110
131170491
106460827
996623164
654638997
67240945
424428665
907739310
533902107
888216646
868353312
211670569
588632352
344282609
526356358
380145365
296971561
178803492
538081146
560697923
629562421
458776871
524503843
341256239
733480622
448552756
872896028
177135239
4624228
227243192
47843500
811955936
784076704
46955680
351548872
945922058
695863633
860969546
111519381
58388340
604977927
831790488
222693215
609337802
842126826
552227830
497719
412352913
803568654
704690627
782967736
469294713
659017807
938224178
162603186
96165979
506131481
654012832
543665510
711818761
721026015
248416508
995967
126334252
609313843
96161951
758235354
13953621
501899111
941953166
754364203
55972403
421127942
424244252
713021850
894655334
823500378
266771195
20823974
161537528
257900631
479396492
530671906
692735801
412889877
722964048
406410436
290259718
945198286
679109439
789605420
95981436
375897419
184533515
39410905
681379855
832259242
189593752
322784958
180739776
876136359
851912724
136222367
296492137
976594436
156293615
834947089
683104719
868654158
414105875
630613836
65804221
603754642
545484239
686519546
118378098
793473200
59444243
249887640
444870775
153264479
321637329
909399104
724957267
264819667
262024456
315866697
578236091
707148045
381372419
260398338
168071872
968946362
559221759
180802823
576006668
909635747
375908522
326573978
466049599
128086586
814142298
649235977
969264104
821786036
594893891
959456471
512967192
458128958
400259811
810789170
500838071
900456655
672616171
439076797
1514746
123405370
565469831
206335025
508935812
906137740
313436763
316002177
379184213
916620020
684437012
254539860
677363444
670643598
116840200
354305270
944941766
605365130
909503417
104950144
425480477
207453982
111591121
867708119
243615454
91136167
30047371
165491968
491983839
40163549
976525905
942044943
752619425
76790334
301952460
519474873
101029667
645706665
416211389
978479832
517603013
248498028
589733288
860234855
238759932
886765411
797982551
860565924
871769740
677998965
129788294
645660838
59654527
833041573
27389314
269067106
248300189
179438252
604708026
737520202
713275566
804299398
879971124
80795039
97021251
772243779
14836109
443326069
169197797
556699351
880009178
866200593
504583199
63435714
327792097
566017363
61939133
473805472
668024464
113893320
463291436
249944692
553114947
36609011
535503586
89357484
489626998
244735218
322802623
618571979
640502130
948712843
455843858
216392665
243279347
112097347
687522743
952457969
46712265
403110498
656799366
756935672
500350415
128944444
435105011
817992909
36994856
293976747
788087466
175671676
625731999
302563601
965529133
686043786
680591262
999528616
514707519
699984218
1032741
498084812
427744260
945975613
281279259
427701631
102594755
595150716
215015430
147507017
582663775
185773631
398580312
944971748
178526269
54421242
313330333
825453791
565279795
464835297
472960612
218858188
959049787
120151367
305992408
412336017
214016718
505155767
352681556
763657046
148320261
518295017
801472360
150548944
555045687
615868453
438634423
896665663
658919719
347854678
11282346
911941497
703148270
226626105
831270135
968897619
205429640
352191873
534122737
723914175
526751019
366842788
481442071
709956739
877175032
107293497
706968900
830765809
895226085
201109117
985670145
810300968
746644199
319816939
155146202
67999228
937102968
503276905
714057876
318923172
592472401
826630142
922917679
60387468
447774365
677674868
446738988
421453700
773530986
721353264
746814883
511167624
279179935
428395709
514643355
795228863
799198314
903365494
838066759
606975498
842608143
919784804
932478923
506444649
126318414
110117449
925778985
947555455
282245224
708383137
921800788
909172793
428402588
330766701
835907682
133927921
947541772
131468253
874135865
977717369
158883923
500956229
394885704
574846071
432627035
453596129
627067221
332627507
150141540
257155645
544031583
462110823
340065408
726046645
251016841
162935692
714861975
429678399
443376529
113838118
720712522
20364460
491455188
384117601
809230780
732591557
186395478
167574611
686703235
553298440
752557050
701856665
5898842
849433344
535915543
769757603
258441231
977284651
654348914
771362214
473078576
241680776
265292134
679783616
223111528
158254492
439921216
196033031
54002665
542499333
916526039
85411088
136047541
637141912
523749569
754366154
418300198
835184268
518134971
736893231
137018440
674047557
446631138
26676370
707616883
469298242
789824984
477813852
201931086
723195316
897986887
655933731
221787155
31236139
351289888
611836457
927605447
347041963
699571401
890004102
841852408
218359803
866761751
691996158
320137769
286534687
291916091
723969135
331176569
562077458
507578758
882032702
697734314
592623627
264299252
975326669
640908987
447603938
776287116
486674785
698101496
785881741
363778649
217902639
350942941
246024755
811127291
593779489
409974979
332857804
638650429
565161739
731831106
899907239
557315025
201152351
88187740
868332825
100462413
990741346
588993794
877312784
38533071
150343035
142968391
317169387
330392403
661320733
124456839
496754311
684282073
173189707
308119074
27058086
194631271
321865492
160193555
735848177
245797908
242484115
366677485
247295691
629013099
374998766
125745912
856897462
778877984
604218218
908969986
104531685
110286742
873692641
792312478
173579268
651264641
438382792
932079884
561023180
378011664
68680305
958989249
97159988
477570680
101657805
553399946
679029807
556530459
407378581
842226649
704311866
678179549
722448805
47634165
438974879
978525096
96256488
305699805
267665438
423847882
324708923
877425858
452167501
341289555
736950515
530176690
225092852
851081132
789308390
343550991
133542627
301772821
538196787
542968359
118550764
89264392
79227122
597538310
300821370
677708475
204575264
424372205
730450447
405928427
179678138
145532740
318498208
29857380
178115833
483871624
636643090
809187888
986182299
526407513
611021081
197664647
643533038
393683066
935994879
213483597
643933683
890011124
160863424
938903006
490090722
862495559
755115060
81837218
332107879
656011408
387789044
886439261
784775177
714478986
105754283
767492604
401275791
913279619
819218556
58407469
735784737
682741143
748742466
652410398
726644256
917551155
454741298
746885035
652908479
857151701
358558670
600021543
131614909
433883224
804448485
986625953
18221136
727988724
919799046
404552253
41802192
487367700
400911439
230159239
681506368
57326711
817528510
907139741
991159501
222169756
169510801
977228245
543403682
324088956
264179791
292280615
262314073
325845810
469530344
725362267
665535663
212460614
908515008
754765076
470943438
324993623
407623836
227013782
374916351
395910688
92151564
882330552
123255206
303926629
455820027
540854848
315074277
233760919
108824847
792601480
842396
930318789
179781304
204248360
101513963
385012937
958941627
824835115
216599217
633044400
863557958
834164250
293026311
236656859
510548418
701525087
879597593
784448132
147406398
936093478
647744949
175719189
981870839
799760080
939266398
777320754
260468115
849729288
454860841
609799610
752441185
859438623
140119319
902065786
655010354
496881271
36999017
3822564
118722816
748217951
665594916
864532880
853452911
87002058
467432981
234233373
478655453
404736601
834331149
333581277
476815893
959687017
37399678
95274325
843158236
552048203
679635245
422678675
955940953
95628461
191902142
466153885
328140494
222358617
691430351
196528150
50937555
628450068
410380127
2447834
875466701
621604303
826700272
257321100
508169917
876004505
120072986
779072042
188302592
434916462
904892489
950230283
379439580
925329273
41139649
234807865
851956036
504978266
463589158
957531757
438230749
918741042
189794206
803084244
568228453
346959430
787984745
953029895
644147132
104626984
762611939
799715472
203966067
889178286
567917203
752810820
862718655
10096088
183220341
400346282
137228165
279706765
936681085
340336829
560625601
261873041
669256024
416832506
871687944
933475318
285274509
819936531
624924170
314576749
734155368
772843269
142424184
669469437
320639313
154549020
175399048
484349485
390867593
537495562
950850543
645201815
161570120
386628226
304198739
386795489
750057323
646456320
433679121
768729207
544008804
307911267
184019992
315442013
271828606
807261863
999100123
588498974
165669172
990330014
342724330
548809353
190105102
118807763
683743261
296763592
716015837
74825770
929562791
910971168
371154591
727093203
930976157
572832495
581276462
934816863
597315882
711773210
579805220
255612974
241238378
916411740
512039299
717701467
684859960
856186036
447833692
203202738
210210822
580565391
230256348
586658310
293235854
391839660
650443513
776180709
288955733
234129719
170586929
43748684
442301018
463406937
274856313
556029515
424949041
209451485
261983101
300654166
63994131
817590054
425729097
99825548
445512871
134648108
661531681
459684890
642340962
655537449
67736485
525806881
152224833
292308884
498679074
242043374
792483624
639671302
590688386
528756003
543833110
916617825
206098097
303772835
741858985
101390821
848707064
178299994
702396113
155811239
881092396
42520867
174861722
573023377
484431079
121690593
955149112
388523670
191620191
26635203
371335666
76794109
916536353
493317513
369264346
964247580
136657598
498598079
849648465
408500595
469894130
532945038
68172775
410101322
349665211
144875251
507272834
215473243
58276316
413427112
853850859
655084452
784783461
569274819
124147387
396357175
846453905
181947711
820170093
914062848
760002949
609022370
506694900
739366070
568665780
285928589
759426845
907152814
528640642
701863841
843089617
72316866
471069036
185700068
778053608
690488542
917333034
366651570
953322455
874855390
11047366
311967620
77066906
195636532
669038234
178094986
303851427
388230927
611756484
664470707
368360981
648172019
114883437
733943051
7420991
564771443
676684125
571133042
337267250
385469083
83020772
449332975
733982966
989873402
821470274
32862814
665979814
605062041
385160551
875111416
818354269
780052997
186357000
783356622
137563686
284140771
230722688
848791414
633648608
759213432
207951289
626867326
731837098
948432006
843251676
899120022
119933627
148519294
816691797
493650616
420050358
319890727
236815380
679733463
633829224
667347492
840012915
435489113
722785546
989064310
275739992
538250935
734860360
271199105
656696285
928103378
651374897
465938119
194509943
947115449
444894714
267956511
864206097
325576366
51607948
998898349
115897032
500088370
638412829
868212049
2001869
898640116
428927838
838306122
869410733
124224464
475778867
25828743
447243601
959723523
353151952
156901786
662371122
786945802
175447170
745825689
172453448
146462135
572729690
100790510
894133315
50856110
323648397
357857522
884075925
464538690
240082858
814873095
435819426
719061759
913888324
582312213
702118447
72777471
545253401
176197829
920531980
921534779
382570140
671951803
246980526
932488478
465279222
163944265
321873102
899105820
542610347
87318343
514218878
593804480
503358457
585626825
661891686
652701923
741355905
683991209
423689838
37094105
229272692
986853577
494291176
265040504
85595905
517815087
613302717
839368303
611609442
315397961
682325579
960609527
408032790
24750453
698424675
236541466
159320871
540168434
322625200
147973517
600039290
34596740
146843977
217555066
280801135
277195237
87714528
928087936
126186315
636639981
975563468
205622212
638307046
344830219
451564818
744005514
691058443
423656597
783463422
356451136
591962094
626395446
501484734
717285798
951423919
514262180
898706227
678785122
435575143
374580423
391130910
591547220
259728430
679544827
25575393
746739227
439413629
899860394
54704889
439877030
372098038
127000921
889738466
782246440
545643112
850190712
574801188
209609103
670801498
789180617
526656656
99099916
830450840
259690773
794221773
929651564
213923494
581733360
985911323
288584985
227905043
331123298
948058810
469829918
955941769
230556702
569129971
921327835
233667754
74701858
572777036
752535824
65762206
118949723
968873418
935706928
906835067
351154577
550587349
463906859
892947689
703059766
261210323
733387825
485508375
491311169
155810288
467231229
284603346
527151170
692452745
550342604
487896650
700608955
90494821
346895191
188432698
558038967
848204907
754980046
842209131
914662450
514034679
290602374
914682839
698600646
555042041
166356482
374266616
503471402
880794488
29313744
123345566
713129590
626101096
287824915
721236061
252798868
179988544
393953001
645625264
467114638
129163166
935570935
701723850
470978139
617021791
362142910
121743445
941251401
982941480
888063983
92982989
58674056
393258379
530371744
291997978
819511279
127380163
281405911
404390751
79532457
41306523
342447753
386197453
25842872
984120461
332642278
339184941
786090663
636907062
761386593
675803048
456023915
950122696
30441724
674296223
724761935
479385473
40436111
263284597
584157424
813462515
884394104
812293531
442248664
182574217
117784411
568408588
591247914
881975519
371827430
584234475
524935286
719568013
4606930
6389197
625146106
119454360
183817754
955592288
870114437
665223766
414627451
680917394
997307978
196905062
549443981
384460373
511517550
275383715
804023152
50092671
589947886
568934981
825467483
414358948
916539502
735463528
75040978
595918138
314276461
506864004
173846327
241927241
175336930
685293410
515399408
689962688
473729440
598517017
14251919
295945949
57970187
206138276
428029095
418351729
567056161
264431612
265608028
551468663
305489304
91667485
703377549
73208327
828241750
342085276
147731963
137504194
825887874
411443335
680016920
592289407
323098136
769816688
916713013
534425164
104523470
75928116
811074342
661704782
852707346
457937035
710566937
92948982
441687622
417575520
786755846
690209009
765314245
323788263
864854786
213860377
420689485
847754811
857790807
378134371
334032335
684335250
437589086
424214877
712091861
283390932
628598060
130301470
443156992
109599463
983923120
528716843
738351557
154374875
989867371
599879751
813386034
234002426
905017340
557726207
506515899
868746541
225646652
775365229
590755583
938414931
432266952
740464558
986027164
849644825
695943406
296663392
824560918
371741545
185235555
880312508
396554973
390065773
490059613
396051765
560387317
13251323
56137489
626841654
972963170
357926332
56166775
573589493
159953034
493126857
935377610
540640466
653088989
666637832
225747715
479306089
527679895
605044241
229538503
676964819
684715811
830736497
955562320
626564953
879951553
507999719
826290549
459256503
677712407
766283118
686550561
762396643
681434656
687705767
505853864
399408690
399176613
354375689
77474437
176367360
660924996
415510156
538196059
365716666
323022776
855472186
707589488
267244748
143041928
657497335
168500186
729766298
396950578
33090906
363141693
547803650
606525877
925618058
346704848
282960267
494848512
94860971
875103250
960731768
99598265
612858226
566994696
119896031
685301199
746408451
943171563
820083520
349339677
267897199
753197954
134174601
117166384
624512228
28257640
715419800
574054398
965855269
907786837
151135286
837397465
125405925
666206685
773794921
620305238
846781250
366820895
11310602
186600190
108010848
656444021
425041539
262582034
268108840
531985988
712090842
370023117
955431883
172955788
87708756
345540764
814214297
68954817
82201527
342398035
743653568
129043627
196072559
194274581
395014429
506949016
120834155
271148425
247109976
780442892
39777868
785087191
896119192
143210456
652211385
962431718
494240411
124155111
550855722
787887831
152837230
511723934
162768013
748366685
36129969
948986887
70735830
219417021
17469452
671333783
739498054
547911927
675619058
880460116
524279472
819566082
344674874
991771660
972936673
655281854
398782597
35495677
764832290
396602474
560048413
315975283
198900895
449142171
850355947
371026811
710870958
891415390
890476138
328121028
676161957
885144942
566277620
585777608
504132884
584724941
388319434
764156884
54281099
872431475
570788082
709554101
104388439
234508203
246987210
747561784
386620732
757551176
820906743
540360879
66349738
190382765
815624898
630969524
874344159
83751110
244120777
350027296
30745293
514676904
703211751
103864258
816332408
81096569
964311256
742595622
309706513
58886780
772059223
525591005
766890769
94944312
703632547
382749854
699483452
881942175
832291465
665314404
646778361
719965647
451691054
112381925
768658982
712058099
524701236
185633135
641622092
870341218
442843430
736260159
465832470
840503677
696059287
809705478
90494366
261318695
61182387
783934861
38918059
902185489
549171388
576591569
481441988
866395681
818842277
497678573
631313071
186654770
914798469
451482591
284100236
389344165
729997641
373036996
561884547
896928506
546469974
588950519
165174363
110429291
233735906
320433923
479120857
667202373
906420102
672237858
280613211
431664370
600241811
407723423
681303814
50272077
105953857
935001537
788403176
144993370
144356088
225984604
307611012
233832128
45645219
184307140
201386463
320305240
488699181
93890055
113648322
875913179
61655796
457948376
973299462
224752131
785132023
506896450
281335556
529654955
514105728
379404914
558165244
561055845
673219076
320563265
658959441
837967015
43096342
797046660
359043579
254295714
891582966
659873113
401899688
739214100
354224698
809750686
783062394
207393668
125663371
694850925
231593755
867951898
38557356
660463438
709707234
18274015
851083930
338940963
998899680
705915236
856424455
593649802
599527834
453965062
436739731
926851279
617571743
744555102
272996631
749610938
864945778
287195393
16620111
22471078
35712669
294423918
141096194
261125977
61699579
304168251
481453361
984915026
111828459
447520822
103348722
870466124
17707267
916397687
275915160
10944298
74837879
422358495
41227391
578536471
103064081
316153760
237347260
720428079
543427252
189037230
657870311
822438761
298590427
336681915
356258945
991155389
463289039
673259041
927580509
19752377
986447007
312309403
987802877
589283083
280235483
245113916
236499206
374504202
476345821
846071821
937373169
114501292
39231423
147937486
636167567
408366489
433170441
729728802
417342298
70279807
886202084
296565138
860638392
176057969
942907930
24910787
370347810
661600975
441067520
872518113
565237476
238202471
271041303
368109234
632416623
33366264
734150947
835237406
72012932
33450708
734611387
732367717
622141935
934100433
466916822
558387290
526967852
824202237
736288425
899436605
791861417
289099825
448085348
647533091
148979446
191716388
228590749
293481120
474800484
86409448
754108956
312218188
573197635
909167166
337118446
292722472
890041157
33236495
728840506
675889814
905790872
155892802
246557571
369031044
317124727
918851841
103704966
177999041
782286991
560971015
986757805
194393734
110111048
842536520
2569199
11996171
393715849
139146817
706769974
535826491
525217841
990070518
256142360
56868568
724799401
716089315
314068493
996656809
467636115
922545753
723954426
861641293
787086044
887021700
126779693
86022475
547330496
91593492
558359823
220435141
987090928
36175386
483149732
786177563
204862488
608079261
263497725
835022892
485382941
406475774
806248613
446376397
471010951
343635228
161682291
303450761
600386191
524510687
515630428
758633171
602994282
951731621
378868414
882871130
504733000
950043177
706318438
118513561
645145754
549429865
167035950
775794569
836330729
315549169
703868860
7512453
798752038
848694582
628423859
31314689
698194958
106138799
309275113
454275375
648814656
160811517
382054228
19644229
790410668
62870021
60735471
86029815
88663957
959269206
693844242
705715273
574894144
449844526
663590267
981835518
981053715
187920754
731598916
415608073
781121845
980162654
223137333
317305328
631162626
129127148
139998552
355326085
798957115
195255608
526193013
978709407
275954140
275371828
15922772
163159113
692667443
665356364
68538455
160905033
139959914
455549537
303058275
579087848
232818996
821031870
949808084
303468479
132904135
81513804
37163384
905200580
54065642
720152088
379506809
669552893
922215637
522607425
195111546
809071912
710812633
286580413
829600653
948616329
779044764
426901721
589306027
43145154
678038219
223354210
778606017
187333261
925710183
837246142
769138985
841524641
453922138
918466768
292235752
135644264
955578923
212263047
639144218
801279758
779082668
575060905
7559914
405914591
788019213
609600426
235671262
370380126
418527891
704205776
320614254
309500253
320622953
992736217
423349118
956964719
158975811
750651368
848572022
359343401
375422311
878879865
611362224
975952901
240571237
485173621
198238280
852679348
951608045
54028878
208435036
244627000
925564139
700402757
938833135
433799703
638394748
178865167
670266111
252143473
671125895
406151934
902017135
108554466
271376867
117382875
487979834
692872859
796222070
560270955
521476569
557701021
656894067
944800315
756436787
368469509
703782633
489725516
834773455
705322368
783177360
977826730
632397241
243415568
381672160
624184265
840702282
664166249
340694246
177104256
396784690
568945243
154473957
868053581
312631338
272692467
229961734
816785325
425204690
350152324
242137961
697620897
35336846
65132081
44586305
808166985
665770237
25824460
25797084
191267585
291689226
167105377
211661051
538121814
978655196
125339430
338005651
361495674
744763935
74087578
314564136
284941182
974284054
789747624
272866939
30765357
587870107
508064194
947857847
347281763
123734035
799482802
516089254
139510331
11027766
420616017
300373819
411343604
879517269
893984123
272125851
649772214
92387794
546594883
211715025
574554030
153131053
30535993
201135764
716923978
717247751
235484151
709776557
699145512
255408694
915101579
514372621
730286904
75725340
854198698
146668519
861091800
284275118
906291263
770023254
454483675
605031616
957092406
858695278
654620906
685163949
705164182
474082591
879889231
893722597
166038726
154913234
964606935
109296079
880128691
892811860
852016376
873606688
375897007
333804653
560330632
310557651
768801203
84903807
828936255
335746733
951205378
785498814
670539370
152033237
192547697
829509936
754530697
236844247
247175813
896519925
316392850
241900355
814317330
728425684
320880855
800331556
285922352
977518070
1971070
223036310
726530220
91247455
64854172
42824046
874138956
662553788
673290087
281930784
174596487
86577452
548164565
358134918
811008698
362473390
255029965
793026241
844738750
76285043
670018215
524066415
384431676
638189555
30478389
761692779
949051883
882517666
546194647
712860559
998211242
292071757
170558960
915183115
525088500
908490218
153787573
556524437
919225780
332876373
145518896
264946186
335653041
761069525
158192278
850298037
225337469
410020879
652741507
45387553
14513250
603513373
872487098
942120990
674448842
421696078
493455524
850099765
525386609
767678106
192493474
359159440
367852415
121321411
851638494
770304668
183453172
51292720
809349570
873694829
171008936
189328007
935941278
294165707
903488459
833391370
591641984
410613030
795510563
778507716
188159740
637635728
544518190
327287435
687101071
657892325
447182813
533392613
687927759
996811290
782750392
503228904
152680629
563930970
21384461
987291834
895313103
383417329
388548422
297174654
608804150
887341400
377334588
520035859
953223700
18654319
512514944
11540132
688181652
295246240
184747200
989014611
635630733
67283859
940473685
394443467
266688056
568967016
860278613
735098011
611164818
57045314
429403295
937681554
948304134
126243347
308362603
394356121
709872319
235958931
974919881
66688520
549268600
382129960
335033684
176215274
953223703
967385350
438008749
918366124
672490569
223331743
825905184
227936094
166642224
568204245
606004337
892815668
316943208
770876329
776722622
772604158
129925659
613509970
957674825
367286662
57491147
767502166
367126039
338254649
293051690
691394009
250760729
916149828
535342491
572173016
329852825
271131616
536050384
81119352
585443245
92012419
944993535
342350719
787584783
134310471
688159587
819825287
466875294
879090149
30252164
925332232
623657484
84936425
818719411
557707007
481122696
63276242
73630516
822307972
779450448
190731574
657172350
164787221
474828272
60256246
477388732
644596587
235501583
765960917
542023539
746400822
685111741
318647650
90101834
812818364
777290163
490615058
138751172
957966080
244528921
441838335
316856338
32181389
550845980
413250884
596153385
394929101
694017761
508320390
990063340
57027957
431086866
715355602
389265045
882365708
577114158
585223421
465573234
64528610
929826529
969106879
650885013
84015279
71521562
439312552
454260616
45737223
734287116
888419340
471051029
867677682
50464853
136258282
8590429
930012979
761124263
400456755
306181817
334119641
430864457
545751094
676767817
964951718
796177299
729707061
538712496
897883126
81256877
156871799
320132359
844851464
575668678
39079500
137819468
189012710
413743419
807722504
110560092
883477641
952068038
87410878
944780370
411843626
663187024
101422724
776509517
101325905
899715690
926257653
200657686
65748083
866679784
278328709
474056572
1123699
374486744
971467468
245042741
358755215
943748764
169450987
988696780
929976264
508238014
184239871
988331201
157683829
22684208
6534498
835541101
690068787
932555114
236368546
623035864
951008296
477737661
241703959
185998283
730135326
438058199
861454504
396156709
44918116
817218724
417824559
922480185
284056888
654465630
237172113
546254739
284378684
182275957
242399313
261657676
74537835
450141100
386417756
462092004
22336817
501406460
672750817
958306722
30085043
911651056
652569572
787572251
718187775
370867153
553746063
842274773
658965766
703842807
259372900
549192062
136144629
286282709
708686408
505639731
207611243
442880388
844783728
891966920
879388011
123276230
756794252
567394659
751514885
822309818
627173485
844693321
497022788
695948194
204798333
438322035
574876848
901570735
107037340
692761969
412668471
63465316
177056052
602125901
449686898
368469421
502336194
621104609
106506478
206199012
927584721
412738147
573381257
98226806
469641007
812356384
322386087
726373178
569857804
118429806
264913010
102814095
81652611
363456064
388474842
547586133
958207547
241102580
544951407
721057675
766757158
398323662
954416152
762011227
267932591
991472184
585184755
428911784
134124154
121057722
862210843
293850201
181624171
352422619
353204191
172959779
341084664
304609522
167232716
90207457
528075231
375970181
926503150
901771470
663086366
494126368
295645234
684419213
816490589
251868078
366508796
163864660
335998750
758043092
195877430
704098138
296738688
482047512
24721719
870965877
559619408
690506303
911525326
131114321
857540897
48825379
779860280
898129337
748104781
944816750
431339756
537106621
327710565
92124176
108590446
954695915
277214343
289689791
647132141
596739940
621482317
412309154
570486841
540623790
806260907
212761672
877490989
668352496
887867011
660026339
577950219
995681004
436723921
968496810
800718215
976628213
828433353
697137391
5364478
605667378
301786856
785894629
202643025
31404595
457761674
244986939
548681656
713780485
658236962
632302988
310269089
183352581
888945233
550740673
494431487
709613998
552041549
504127850
303549639
249955377
178486770
992843539
250863146
763735981
531775417
428794505
500988690
892047436
104459066
886785523
496076505
369374314
643796272
526522731
244776098
821172005
104725499
77391674
163336192
580114304
28489058
193831416
473639544
563306978
303296424
266517049
457092211
35170582
764808752
718550523
714596135
31665104
291344597
653298969
25964701
432000990
164192764
224718328
253080101
276694896
32497519
301546913
126523406
610691162
190283033
52742019
605438534
389237725
330174942
368913246
490347078
32974465
482667645
277288205
788242114
977429587
933282533
535320432
450175834
981800338
299508010
553241136
111120951
474864923
896057247
420851274
434365089
915835946
747706019
278786344
928538459
886490776
245091947
570413916
661989452
63098442
442535241
367659671
929555213
893067924
188617976
563378430
188039186
433201381
479667237
412073055
971863965
697238732
359624074
173029544
885810199
880722008
689852264
351430087
896320689
830686024
263135319
719175895
863565975
51918748
182226132
822733817
871067856
522062645
292693
320811845
901206397
642834527
717155026
602511294
197700867
928949360
904816068
27959054
562567324
587430464
626726937
605864325
749378612
622899311
935708501
426543129
34093172
143561354
741593958
915556626
187375703
824269477
454832002
946995019
325211013
385258669
377564556
822688018
265431075
980597761
364961531
710524487
265310691
442237610
30243912
767341703
736223158
716129523
192699735
113294037
420476677
212818975
874093627
30393204
299251817
922009056
298524320
444429013
507144110
269054728
552575834
358820167
456753923
440139157
396568493
70519126
713754137
834103602
802182556
100514540
721847849
997565562
994098276
237926140
744145585
924096778
486768539
182492756
449456437
562475203
208204477
417077093
502648368
633108364
977508093
128878520
931310175
561251271
544080372
6233627
442457153
875632111
867103506
628091347
132068443
665411890
933548173
179078139
347917015
862058144
889750469
791597756
907914688
656706595
748346105
872419093
130247399
298805513
338542145
798080967
785646675
856709006
867675998
129726388
292797537
236099263
668248683
310742206
242129768
24532995
944038349
889980611
654362414
572165139
246761505
864201992
338476023
94681311
864452367
982328278
131363889
491809358
199311339
396231904
696214739
144565601
84034280
111121628
795764865
525098130
365871485
526112885
692395694
410383437
363046398
869641323
238655829
20033553
865144906
758453639
451216673
686544111
855291500
838823133
435700567
974802040
813020898
819492577
492985176
372619822
306380658
921322812
416562774
39792359
796618613
595024711
526476470
101855653
61217888
727780800
317740009
969940484
905982419
293964013
665225011
700224044
55411827
89751067
96720599
222362402
597391226
269077999
63524930
379094066
475441050
218262336
65126562
176253063
648143622
761249029
665960874
423223114
507648643
690691812
951119817
269014276
748791547
506084984
557103456
729409144
175197393
882072342
985864860
160786239
321659352
572536004
551526396
396273358
76606846
827859356
282778292
839873444
777070587
740033034
616198583
850236327
926209906
887989922
834591894
905752091
999971515
555478258
925778398
769012632
25952405
324225817
919384550
736666890
767696434
145993965
615081354
821747884
206921358
47345320
769484239
453197036
489824619
728534758
726811382
273882576
960844210
962849618
624635742
731852554
11369247
960878916
118544029
463886406
238410631
628914087
227822948
134432510
797477502
219157967
287151914
492270559
543001739
754607890
928622883
713020589
750115436
486109429
888107720
977508812
936216738
946191640
821095211
653293167
552296746
790772135
780774122
732769642
977401388
740026188
539229994
804547448
867500543
99520670
347789822
655908109
594530936
224287745
853005000
303745702
946307077
613229068
800804581
643949273
236117111
547634948
417115182
16996025
832456994
550246802
893607326
997007070
468980869
678531248
995242490
160755752
976089310
565332767
508330776
822347299
202577314
908250620
241565586
346453843
466657103
892579948
75265992
801477090
616702717
265501810
150206879
281433515
588101031
244503903
765441421
785084313
869217255
196827252
712495093
113776302
817426249
233519028
301944355
720794145
752861487
154950026
628709883
486125276
597633107
951448716
571721340
391665211
241449814
58033685
696532006
663551225
663836112
21582511
725145209
227196804
252829502
301778414
925751317
412799858
954004421
544146545
889726353
526821283
806418991
188138714
650492911
911560862
319608523
557452700
524377414
386621799
259054113
371028114
486186767
155228483
971188074
36144770
454754241
737664185
234007705
859765557
658626361
706995384
256248580
963604418
938841667
260465215
413700271
904243522
594515252
471446545
299788106
489434260
460923150
54789230
123020417
229286540
300994313
822728051
974595950
934862780
88732337
599042957
545357124
645898877
663141609
76021640
269625676
244295006
332713032
775076332
199158238
329457148
502134879
557631715
231615194
807959612
956829116
104693784
22169303
492841740
951561153
252741722
176932516
373484455
990545958
397324903
805333974
491630495
285818780
359291397
152398598
229705087
996586887
10739569
38033225
105192118
198045161
130387562
608418866
781827347
981286732
310479424
86136
693988774
339189488
312182091
739660196
567397395
771546105
977277076
373836024
49104182
823043326
37356833
772805552
969952010
365566388
676714768
937783532
994492160
966266764
466742729
464979462
513561383
190279839
263951761
907867407
453586141
150294962
53856371
696233689
276714257
668166890
967370849
511703690
979432443
888649720
99359174
186170979
250242908
686336175
469912109
3645611
991149734
834536210
696697525
83189018
985571747
699946376
428861512
652123777
188751028
222798590
946555921
344558722
128023952
968008024
631521373
716997236
920055348
790670649
220548899
534191965
854781808
504672244
545677819
476603688
210933356
930848668
511886173
84317594
230117500
946562425
247467889
542461630
965189188
573701382
327685888
750786117
712064880
787415925
176017046
243763910
490767913
331538035
261866047
409792280
946253368
254895353
87635331
822940926
664119726
189225990
219691739
165858293
841989200
217468939
133292059
330024163
616637672
880410128
465221768
280646246
225132842
447165067
933938597
78816399
13747102
261038321
59236766
425436695
614882114
391940862
206308409
113131499
923753875
970137139
240207081
382948054
647058466
877365687
141396239
107484687
919052898
792978322
910378816
880490770
20055275
645502300
999021915
717104049
31878282
297680129
264142464
4150445
241730750
354508754
388103856
480839895
603417888
13129951
563240663
308207815
899210187
733334876
268033672
72064053
579546898
954348761
177116379
176459340
4003966
732406417
641649891
304638072
890911914
788782242
287996307
70959317
816115047
820827445
162877119
268309705
347489025
169204916
42658286
681330812
995590149
901357868
575588899
820455726
50906574
730462389
845060763
988744327
332695496
184116381
833444237
136546679
150146275
437612566
880029558
623050898
897229958
415570953
185441757
410221072
749341414
424812908
99717233
558277772
557495928
762591807
817082042
344887081
543741164
785569687
774775424
926654167
828833488
867523409
54274220
794910641
700394433
928882163
795313745
928675212
379159475
887302643
696855535
578781456
840269547
988821759
723868229
646126046
703060777
110720068
689102771
549146459
639741052
422088899
575993804
566044723
389784972
27749631
512190881
597249340
414928727
770070556
116787977
597907152
263556280
676771525
92301937
995864811
546479116
384206241
609789722
847447000
902894852
427531456
292900988
389233188
275184
149638246
683272843
609355102
38580245
622025817
329149380
559803310
646514753
911168732
603777568
652880324
861114522
83577808
649069704
507147135
638747398
894769890
216657879
43148712
920066306
340221684
611129297
735941510
529170407
998447590
724772369
295844704
736885455
338725266
877570062
102376023
691666324
464339965
557814836
994744540
64242009
762116192
986469420
725323075
329315557
635993617
412022569
640971135
220737263
609935531
515737336
971560980
652960289
547190713
520641294
941747777
78249109
127061442
463448657
690592066
851893676
793375623
110808824
115385549
232983052
719666412
987023585
236264892
512766536
125684018
775484292
597343335
970744581
974782203
715855880
392757253
841857278
130706426
565522124
715533173
945061383
234589101
182874084
51538177
612446223
442941109
639127117
411001037
848153386
24737522
26026247
117435266
732848291
387742297
348939571
3429958
22616353
378950391
342805788
427683130
952341423
258176226
724970860
977966233
263703976
735337668
61540779
295693064
230782015
350592697
276038046
869896638
902855633
99044936
930095730
857648312
314154474
974621545
470749767
263323425
937952170
911724205
387271555
279524869
998899309
636652167
320560891
382506385
870086937
341887409
985140206
390598362
627767464
202910846
755051922
776914771
680594025
524143194
950406088
525630731
876250346
33271928
49401754
585067916
894389766
581667814
573877547
47354064
4969372
184041726
114049801
996655934
592939693
650883032
952659150
548618846
11680127
940610419
231516974
564508664
508561699
973294070
431230158
564722838
70811829
661598793
374874619
237876581
167816662
155396523
970610192
411424557
668498401
855738122
477094228
894588860
962402040
42239540
354541749
209308291
861785821
123477056
654495100
891592891
358823427
899110862
915173433
521087678
70823798
269531660
147355509
915099884
804517484
568598642
177226037
308590481
894710250
88551046
202390158
339110631
203046960
232774638
752796943
816459939
548169700
908014172
167765675
676772236
361083639
845124978
770970312
59752868
753733856
554045057
10790678
915109693
738373462
92814696
754400572
308040277
822076005
501480642
83340182
457049606
346819237
972312036
986179514
653985480
578930640
25617393
107901948
290630186
126755124
266471089
161061938
424224705
585894014
238083341
845102283
499859086
835018272
540590740
702487752
86402774
854738450
202425367
938927665
299846411
169220688
135727160
901217435
259725910
572968531
256487513
488956677
12769536
980564065
29637010
680118676
142042873
413306988
726792313
474021904
821328434
364385962
123857174
393372350
500672621
696824161
620751670
802703768
423307215
864744997
424222071
610635355
37197955
178651125
888688397
950403637
809815974
552272021
431262179
778992333
984558839
562296496
979843034
870527469
272515298
54969499
148204304
555339550
530744242
350824290
505962009
16115443
48303311
496376956
582036427
627685091
622143869
951628410
475383590
622371105
255767026
696668822
352204537
282264458
603458361
710083464
482546563
366261770
71832040
659715509
116629570
134537761
865544135
632389177
416289844
499329694
947117551
427917211
818314340
332108263
209057909
804216740
850385965
235644885
101145167
44597358
69936294
304245092
370657668
645104695
824134803
91545768
348785612
273334791
128159373
732894667
681428840
585847023
948940934
679780037
882215047
265681145
623249483
844348934
580341547
3576733
802464649
417688648
493307179
200956554
82435020
270254468
935832457
383561764
257637976
949481115
991539270
999305853
723528325
928684112
462598926
848704204
676680711
493367904
903053140
780710813
116384650
813854665
816996284
657099344
751136392
783720655
711697028
527547726
414181875
739940204
481210933
309766912
249987849
175284399
433445217
730625078
572146224
331947430
627588831
310414517
245774099
102085541
585665868
351928724
646228365
257418291
505300286
558670894
960528180
128665215
318480494
944815652
280855935
238257098
28073461
898123183
217042435
917102949
387037956
344562800
693476310
628734412
593511454
19796554
763463023
4290748
121527151
701926623
49321833
307549488
218680131
271358249
234031400
681488075
716836076
423086757
446058427
593234114
344992100
445751522
783382458
120797637
99669157
716130578
370604306
298505418
860901111
618038473
282759363
744737055
609988563
152214394
834480474
146217775
754015582
63730150
770339069
338874475
462723876
442905853
97181905
350041892
228483062
415135566
889060264
990921857
193149142
103161708
304780496
180242002
329701735
28396801
333400952
450598586
928077090
424866287
939902428
934250487
359179680
572490063
996489723
199575022
763692163
31052409
538809644
1311682
842368160
553568038
196051023
596779305
363921665
18371251
431295491
83405861
817776104
210463977
669528872
690046095
487279642
931289868
119987966
551454375
223657528
237599798
761564944
82978891
763440112
477701
531435400
878150311
317056918
679592023
297076250
358805890
153519796
882787771
625118977
692534377
935225775
625263848
832730791
802888044
691674967
116952453
916617650
329055306
13759456
305707808
593903031
993507212
604062419
42586683
664612011
205779776
631451670
261709473
246518958
984919327
397268672
453540327
48942245
375389078
280160294
562360867
451061192
851432928
938549198
8893478
822299451
95994124
424276395
505338711
142803218
33917102
701455658
449780317
785058897
388172436
212268398
686434510
726978435
687645390
818114236
902590857
804690530
210722209
422404591
728029188
938740941
960796320
589405389
609500008
929987728
938841803
428811769
981168932
747105370
846114514
43855779
584209293
530490774
639586289
182484211
58540348
42370032
7639936
683363489
105519351
127345921
380419464
989929753
789702847
154827842
358819936
578513530
179145678
100617337
392476593
657072731
438251479
310364919
394441585
618466230
379237089
61849241
960709761
706675602
218945685
884846794
188611250
766526463
469301219
541664447
864880627
537761951
137574254
746281294
123778466
71627487
287822522
256336602
912562940
603253537
249208634
413912937
139794890
831433372
258476185
284148279
43860126
775998725
846879241
861891315
18231359
242847573
63132207
765406749
997046972
623936118
680895684
64990395
873456307
52331971
385289104
606872344
900013628
512537631
796158483
601730310
843574194
747281333
228632044
453225636
443245605
214371608
380886032
573384392
392955022
283440595
30106425
554146437
849054513
925815081
465026284
51510177
463371980
77651020
629675907
676667322
450485809
716737875
375500294
552676478
703076970
593706425
953980658
729912118
177650249
865887441
533892395
786146704
636107228
834354104
982110324
776971591
565419648
148501748
641078835
673927572
944276662
956851459
3982106
942684709
709907985
292816264
623726410
244213386
352366993
424023110
122946420
570208327
118326848
763085227
165863645
791180736
89026672
333308957
835034104
290293667
319672311
176897133
375938261
357819642
972483317
584113894
908940765
236702347
77386102
481351237
933302475
801980408
763338481
457283000
300085635
492065928
323330444
569126353
801062363
562433908
238615870
234924494
241387954
659535981
605180710
205832869
780557254
488814742
683192058
535582717
393733038
828192264
32040
787388114
321662871
357832441
98594482
245633683
503157136
795803499
198735909
558664417
690589074
466434860
180614898
372765473
691642354
694920563
814051236
7589184
327149233
112496447
847675316
480747918
549924374
593519394
63313801
146440016
62379290
240921576
735626678
374208779
205959904
914743540
833568788
385933748
844533378
467129782
519575462
694428707
846410623
101954829
896492690
489878451
991867247
154646820
147225400
71426475
687365954
114047743
609273946
14871643
658790862
282150063
646301238
575595235
313526829
43611493
40707840
464601587
308324403
10342929
493208664
514232181
802147951
193158078
976139752
923314279
198711186
736689309
632179756
579628650
902615821
31598211
674807692
282679044
737400136
140945421
24464713
484293655
966822394
662076042
983278956
896625843
889794686
10372510
483130753
209143947
131201487
815712406
153352435
862290612
583781597
329099840
207575170
253244508
113902658
789264814
37473676
400396603
607650186
540196311
931816623
524448521
443483869
311679222
726972377
773431557
500926060
221457172
264397408
730507779
189029905
938003092
439553903
627089095
59824947
314283638
767614808
336804660
461966816
173478956
982592410
369889493
69244475
175191811
222608260
680059407
899182186
245340186
294240463
897718225
45583186
784654494
282813026
308152710
925116470
52729077
276967737
222594560
466477653
851192899
282205623
616550223
700959636
960001769
980523944
391168274
163544549
993707539
441975475
517265682
359476707
435378042
230525312
744009429
534435896
145376895
533124528
301865900
38603191
217509904
308866499
234637098
783504126
319883578
182418140
645988849
904356112
829554793
453661265
786006695
428868263
169451034
881064142
529283833
930537406
938488696
360327318
776856002
496758548
558961733
370996062
872054949
568036829
91640508
929015272
53738266
164331842
805597336
594264608
329065340
266671782
906218806
554764565
437622996
789023337
970915961
972354639
912976950
256125150
25220317
835355991
3420938
589654287
780611580
100763623
463695292
496267029
458035165
601911881
923768189
609221482
427254949
566410812
228562924
513181677
817903986
304009943
60030787
917859419
419878352
961843766
316571077
46903357
543981099
820687989
528205027
540259628
696211857
589943414
694208463
631418503
627552881
534888265
842150823
374317786
97211808
318016509
365963619
954994249
314514107
286964347
286678868
610684395
261548199
220561018
624804324
564125995
86466468
895392366
642517739
646202069
132890601
728550148
246009122
823300410
175458881
832232483
871796627
687768047
358865402
38073013
830296712
460708982
153316166
677709177
132976376
245130357
437688658
200533061
813290363
561698230
12660959
679652875
802571393
421835144
845740325
626626393
971206803
385623288
836125900
51828186
646578940
836814241
662220614
293312565
573219874
881606833
22675533
34136151
324582561
948729693
770124773
886899921
593725652
126412218
732137114
272127797
544853594
384413771
69146514
359210069
210789980
62359762
724371754
705793392
298532567
557635014
696535790
251097827
525297701
312772881
178374157
46455517
915951430
282136406
233536838
668881576
732544860
821551756
757116716
126177915
3001099
818521899
505838160
3037020
248920361
722676419
784779407
312449649
223638273
910428731
458495954
713497414
139405622
170256550
727254693
588267920
15287598
314645928
664048793
703353127
863803325
324601496
389119022
684688905
928394047
821254383
999210890
747917924
833120253
205656610
522355059
973624435
773462699
856337943
621770589
968127766
631494465
418205076
711464649
52586291
503287198
602764878
173276451
802606022
30973101
840269069
919928115
136484408
963172127
811649229
417693427
639147123
865537373
198105906
725013415
74187217
101981967
513018271
733506988
71090680
253245531
324510458
873804535
187766329
190955286
665677059
285425547
80067978
446292278
33730878
93797948
563756881
536272369
762356976
763081460
79837698
785348461
12507343
112872585
896687870
797296143
258069188
842932507
526517491
41264182
762938931
923427935
22247080
88262989
170274483
237018956
837997876
573560477
75009032
112725554
793666433
468503930
200284157
332241235
269056183
606975409
50163062
533776812
305243027
734992019
588658193
411128025
150680256
668354300
718618111
806913171
957147393
989480670
666773003
840073515
536259215
758651202
150906865
391701041
212435386
472266090
686089843
372506665
999594320
173301028
235509421
377646315
790282414
770780691
561408480
489888184
947720727
750047102
981397088
791558047
475633880
411911106
283418189
876630167
272143405
476206307
367660167
554505732
796354154
255313686
779337041
737771663
746639193
835934824
533554033
912017777
648346281
492720085
766188320
372511301
897289081
379041330
698579896
718366989
196517634
207079748
759931992
513452455
265739783
32871415
631960661
231483307
739649981
939737697
581691108
31729543
214055400
596089096
371539728
516410440
992004185
676143170
569672430
96703714
151514987
405332047
478989787
284201341
346645616
370295493
509595301
119320833
825845048
235404210
445221308
54958168
418170360
681007099
313547487
816875311
654622188
695771754
399470445
658168237
90189348
77402704
153790967
403401447
493627399
117855988
256280835
725704892
409153310
767660181
179549899
164261270
412636190
808773158
305914156
728192904
470383987
358378178
342134934
173021230
849804554
297333106
197377526
79523111
839293766
292135870
540429680
84259561
954353859
277101255
692953081
5862004
284379161
228722338
387954323
878911750
418151441
843717178
311568074
738361782
782451152
350277602
753257926
50210975
479797316
521016010
102982160
349489802
851301941
794653076
136343595
206964126
800817554
777241165
736228242
81750960
644793081
976874699
425230877
940021861
667500040
162341406
603339647
740504998
551678071
813332691
828546494
782026341
13754669
567758910
978630800
205711043
916572820
196529307
987866733
362668130
372762638
252751720
884285912
964130716
973603972
306504340
153909634
879558035
790727680
557725538
621612335
259735376
534220850
596435102
150897029
413562061
587741539
251991321
539195250
396061
415441791
138118066
650315251
449568551
671796925
790950295
237922079
814380246
214272712
757215753
591839057
219656776
538187973
865940422
755100398
839493853
795572352
642267155
534928327
321264949
430433506
747242949
237964901
19978038
784063124
137932474
387471461
718125255
173949001
428464695
590376684
875369298
557981265
390410836
165749096
556017384
33326905
49608399
529226404
120656764
890163624
709199969
191721016
6570903
328138728
522762220
904000871
301463607
902332710
845839811
782314029
645230645
234833512
803851046
724513916
926652180
245226572
526924834
629198470
591309844
644684827
306142821
838413191
319692736
864840742
310610859
424040350
848975632
562281720
337901046
37195251
704616218
34908646
24595834
30994929
762962094
711406585
234329179
429387945
473165536
432071834
986732787
785671632
977654942
202858038
430987876
720974928
426102126
424125193
71141474
573718922
673709002
66793974
35489722
606366475
961592587
269607003
406143396
435895085
428755831
76718871
423937728
74431873
927015465
740536284
881012006
45256512
798472481
805524980
889794704
491174916
564331820
40385279
662713256
615143527
328009298
50026041
985231918
832377935
627127287
636169172
912310049
711804775
117791117
14309921
858130029
393539415
402025763
641772375
777357999
192133372
665358626
725526678
429842951
652381481
56426246
65843918
719422796
277017942
395134188
359605236
474067410
710947694
74732425
701663978
214127335
634908578
587406172
272983121
834714039
928757455
821648872
440381396
324243385
140038337
765808435
908093886
66530302
894422184
713012308
808893149
945245830
492313576
982973371
264010782
384831304
313559046
168668249
244396212
686042093
860674643
857488963
746980489
955227741
909630500
326498371
971891453
583994876
581622189
752299169
61800557
256702213
411481869
841785457
834554987
635771384
869291243
422152576
736650654
160600578
704414924
26264461
420857900
723707254
919542800
896012345
37058163
204062449
60915384
592183073
578801143
451917207
833789404
791006895
943554796
667884203
18331017
909952688
878522936
105752139
767499701
858269170
666202002
793772115
996790097
920749961
660377685
778028737
682957385
489942465
323597552
786477917
745511467
324970330
492436366
396095383
98200658
899493832
221207879
603829722
328648173
412130770
604023819
394863960
919188734
964028000
609018291
867760855
138223220
621169251
583777984
502541128
112531404
428435510
493701416
566779234
348859998
885225322
168986731
364514243
968771229
328426837
726273948
294701956
834382760
270636502
328377390
968768685
822280400
15663110
392741309
431342064
618605342
625626514
187683865
347691789
345591040
270729075
693001244
307621108
760491007
172887599
25352976
858219754
265496420
934086245
188923482
925378994
254614294
333323319
228920938
203781556
911387721
565522966
560587021
971128125
988008115
164602019
845691359
669391842
657619192
605269512
520819330
472663006
768430699
528382267
183888600
859446917
476742529
329138344
944145255
297324467
336036162
946442839
710977509
472257584
599771878
372055295
836204409
677215212
89697096
85707379
443177971
710476762
592000590
143209613
394954728
580539575
917311227
294718407
290871363
556071937
630494187
528360961
804119330
291156402
214331678
164516402
5510642
543617101
901908636
606746505
743018895
116298112
416881718
99434398
911101390
849350957
167668565
226546763
898097098
29990322
612173276
456882590
639613732
125174992
330512938
59979975
870373132
499552737
913705273
199315291
427591694
939317027
689196087
781725613
509914185
214987423
157365985
793656769
126450328
107242482
400842388
917936384
920098612
815288351
82038270
392792313
568229202
605333945
667292632
708104441
945147672
300571187
546874938
137398331
80833509
883664497
159994060
274883672
959721709
202512299
311560997
865760219
821395710
745457766
876463753
318165799
457331790
961775752
107397943
807738637
715203762
135695103
630878101
241638136
162043067
911090205
244237364
669923260
569051386
488788707
497384044
778596632
704567112
917646743
738312015
378279098
770591741
326228733
556525958
2838706
346555533
97059401
933051692
816415413
460953767
72685342
636759172
486316505
711497469
498615826
230719840
985538693
289054808
168100408
765899072
700461801
502054654
805420862
232420667
492964161
505798646
297336322
433826755
559559843
7779519
26252500
288391554
676273819
997911108
410512560
990281305
127251306
960280138
421834061
603772734
516893179
536043911
929470864
324657519
418259591
200435707
363367616
659805855
436884151
941928134
596736296
741887583
336787278
35009790
834693779
692490392
27106950
849695192
152033970
445150103
785874792
108906259
504191932
734148112
523024239
517191362
729157499
147785840
167639846
883827682
563879500
559291605
422300341
273833391
769132967
598769124
245366670
896653633
458344206
560362857
845597592
735071174
130924075
991825390
958040216
991449077
138785061
263182834
100878819
920278356
145984232
402781304
295798111
667459488
899752799
269471651
322630760
651604040
686442490
343490506
170021735
498171091
613053524
798246986
87180561
745494607
471675518
290737475
647444127
148261532
543526471
39837445
565963529
328858480
310826213
308209831
457978184
44236000
320604334
867811059
154168722
879540840
152108089
392202132
480113267
58336542
56112837
895058957
376473200
234264362
325967281
336143029
20163704
71308031
363058616
915718207
887262814
15017646
293921537
763171650
99162243
264557444
567083396
455836201
105272077
508126403
148707985
866317853
868048342
673736644
536887822
221681145
12310828
437595591
910083048
92239831
242605618
105032615
310881889
889396313
361213260
694518742
39734380
883106476
891053874
16748458
456154016
945197042
601682030
358046406
761598608
592685568
745010770
552541189
901772909
842573166
813525548
575193804
269657993
862562226
146610071
27189054
776690581
833442817
756274706
649529313
484695161
884480160
850411344
744349719
206930738
919687975
867880777
765839479
802667705
868227002
693853324
149798884
508345735
338432870
359867954
959750510
895135596
587013271
253007796
596073615
464459749
321534334
643566819
966755435
331120759
551109161
742542522
227854792
599422489
240648725
494256066
286540955
484700852
839391717
528825194
869940195
940633660
655131906
228243084
591592761
785909647
48831128
370970643
364114896
77862517
810007877
864535810
647787019
839270890
927124467
435244061
540286268
66213812
646907231
849797401
726041088
640066691
410684117
756356541
3976719
733426436
543758272
11885881
962668531
680207219
803338603
964396363
498597519
904562415
22770996
802899353
837870389
644409306
522935121
617658024
679078579
739183017
771169219
826459431
618957564
257735614
999464193
485901362
229014753
95702678
695930747
459155222
697442351
389693543
44908876
524466281
322968443
937566450
721260247
467696291
920969610
817167389
407330845
650930838
907754344
122325330
609365437
621307392
582895087
852000071
321458821
801803498
270975533
421224287
151802799
964661820
615465546
70003606
953405311
197220679
298058533
23943367
869130047
665149381
669156948
34286582
97012076
109427272
956856580
233563120
649856842
753593657
580745704
684311015
752151493
722678492
562883448
197951687
47574258
820283832
383984969
336300705
511878395
314089
132517975
622534721
197311833
546601328
285855981
255146444
559277629
500858451
543077804
162326550
116719120
26713701
35358689
890046456
437464183
217978224
88253126
410305867
365221725
880751950
120650272
477067668
164756069
297237651
178001509
335927098
88032862
595555739
971821765
974502573
630423311
135870999
190823980
996517204
295405009
397710050
632708306
226518964
775653075
924405341
385927925
235766156
283882397
202522431
703276913
867929882
390669077
165049112
716302648
480716090
228388775
699957326
655616579
238216430
5351984
102563726
253813826
156795429
590607734
226494164
655735881
702550985
985561028
572256417
244236445
162408786
43753327
666856210
21698284
636075690
975195538
99763978
468771040
933217357
537790826
405228520
953802353
678741643
141023568
374958872
7047791
277873648
521185492
73311309
354650564
995550172
617649634
13473713
1752145
511580202
587573241
76520053
531435603
421124103
535529345
342630586
409793921
933582830
361524633
940574222
379546193
860708101
214392428
119647393
98546975
589092668
395492908
73835842
848083952
699864079
57799426
371637319
202370309
21448714
589459254
687677913
928622230
936986255
519223814
956750616
804995277
353966367
204821195
879667885
946950656
303558015
869969314
712905062
397808400
942366076
251316256
292734124
129421353
644627380
747877687
976728844
415448460
173913347
633502243
541190855
726869841
711093099
295251649
143814670
806340108
674170907
873581542
61504764
210892106
242086077
368742656
958054232
876502017
750213015
302918167
425456254
678487579
507863572
722840213
388438999
538681878
819605469
201509953
457843254
5664923
354001356
793098685
617523897
132634684
863270079
265900880
318023525
513268758
2252509
974128240
105452059
60663315
702822234
215571438
542010131
667020413
562253671
335150089
460365076
973550898
637623321
525142366
771984494
960325570
768830038
74459803
89385474
740271162
935249020
163028698
895962145
191345301
527719856
167857102
23809352
796253750
433924838
803957212
406856445
323040789
881898547
203832126
30398301
283038763
232059535
320879995
853972501
532174716
143852008
13254348
934706173
76174127
156795246
346712944
464111094
321471203
2472647
908388265
247695033
122118679
252708237
422912419
555553621
114869427
895660083
581449612
13407420
270515053
853567866
150717567
211299996
831781098
716019642
76190469
287400405
971971524
865146250
101372337
880379350
924313370
102126051
443230379
423772131
643734452
120879396
899927438
279572014
237354119
741070246
886060939
353429495
290622724
278857102
50227220
499910577
623583311
109457032
126206783
109352386
286457890
667572874
310510952
65080745
407331022
606242729
717937861
305349832
137001061
808008967
587780459
328811774
424954493
654749298
276744010
184585577
381216
651935588
808883868
297478294
192639210
717405388
654420464
20539682
202592299
601966379
602438515
655720290
174388730
469115943
854784975
467504347
923644085
429890222
41779593
842528221
687995589
508119176
109708208
930199123
695298446
733023160
463931003
280001973
571295067
298082251
182540547
437821343
84406253
389184260
652428009
853708426
580694980
999190931
727427678
757380590
981781818
490903963
829721932
507464727
271232577
5292979
381896424
256646823
692125969
451519048
565247733
487077857
657122256
72117428
526357515
243705757
125825306
826736267
141830892
576523393
912647518
74428546
666481137
625454222
29210415
593901033
799875201
665487324
701553552
195794743
164730218
950137096
124273667
780489395
72397887
255867959
885539798
228536539
270910278
720943728
916375284
781678334
831056016
587753530
550615181
896696461
650691868
544831723
623065579
640266621
604058687
100149453
977993308
208436685
684688097
896030169
893491508
633616725
744235709
313312326
336732306
981400802
134360127
546888710
458969105
283478756
817283597
794553332
17857284
316470167
113325685
654758596
930738709
817529830
639156379
421828123
815174501
514482788
728926368
136605962
395279324
950356022
57663947
70559999
455814415
811233
871995360
935129248
791493138
378581203
719120857
605500772
358435764
581382752
184150154
53414198
73028826
36781089
535567208
14292282
194945312
532880970
838516798
891124266
967819857
526170659
717390797
526683755
861842110
344595621
345663066
834780071
596677575
174825811
688399160
591086166
396443394
446855807
833222627
808854710
568358097
515926232
590524892
89021892
973757417
273763326
318892309
892344634
721527268
403410972
219210358
11437997
108465415
526972883
4747396
32824317
670244711
178952689
811381669
571632244
467420875
410664074
131829484
437130668
95902813
117994307
588505063
542647530
990979717
986069223
242369134
630044584
211169718
8417316
729316947
745126072
527809397
629839978
359802256
102074369
511771749
91734564
197037527
126039436
992547358
228102144
98613453
853661720
824280631
741861694
674047899
599104216
161082824
282899223
790788921
662043591
73084707
340561835
87354989
109969214
123474721
370522515
585262850
622236265
818387983
187103354
61007905
851453008
133549585
687048857
475837696
468321253
346959537
38439768
348821739
704772930
215736335
303894210
299437924
713711972
790086991
812668365
812284446
268181491
945618987
277611333
192026428
789814363
814565150
942747181
440195243
716873761
451866377
825944465
954227177
371810165
656681068
4754007
371113932
956999509
185294943
110163003
43056074
413934486
821403616
424806428
832153744
134764604
682395463
575763338
846960168
885059557
753561792
537868569
18730328
96960103
674640760
343966412
964989808
668263784
682865255
848123059
502164093
828110250
226355684
96275265
448471311
866002143
129554683
387899630
644279580
336648597
566886681
360195940
243934414
574449970
493374523
279114240
298137121
783171340
984253880
903332010
412962521
958477773
518786551
219092132
647250921
835157150
965940162
986223009
692288242
951314456
55135075
54253355
811746417
99136771
843599895
440722457
796491911
800456104
873910212
30864525
234855246
875590230
935313847
655467345
305380372
342043456
624995545
231841871
890709311
46972428
255899728
274847055
999986104
438265053
887665361
13336678
963257185
647472238
339014064
101685957
236234136
730670986
118657509
921635749
996826278
808221361
214514352
80650069
18694449
125098812
89477811
159936990
660568449
172759224
74607171
984137940
524195422
348665776
344448816
58449207
960041173
517542553
599957629
753663661
431052407
469572570
373030545
43478503
142403214
569641308
174696416
437003662
641249808
156666430
190805975
92567229
261208284
675663634
919538477
89774520
921155106
267574859
189404590
182472981
464861
518924429
962192367
656808081
188824591
69146732
475854872
948496327
695500409
368143753
151787158
774238540
275266358
960884205
316247789
159285330
206141996
434913070
402795588
680639524
897307076
455631577
894249676
765863545
307456455
209520266
362148644
397390654
978166622
611552083
458352948
43355512
101360830
761789035
59831936
830403388
555258743
192195114
634118604
290806494
104472294
933409537
643828782
370616324
255364074
752773858
224348332
589870732
934719084
735010502
633815
764896821
591811008
983109269
894491091
623602195
7572676
262088042
669651937
258069473
133859232
126981811
993519746
779461664
862560031
202173483
646294483
983332932
863662952
651711445
388262799
956097655
912897878
919157931
32804951
403426438
45206356
66938970
325800593
30619381
841990168
7260170
178849954
144690305
700089357
109899965
497028786
567000281
753386844
2024372
569714653
202397202
39524820
447992697
245587636
679398954
426544964
868927852
913910817
16302838
184129866
802925402
323532764
6665660
552019291
196281766
128172526
116989264
514011900
842737506
606856071
883137776
204638205
62765796
311037984
631948571
631509238
32688046
770923101
855429285
469951229
568139217
232363304
943621853
695491456
760791528
271271456
459166574
649723483
553852426
194338504
250058939
691571558
891723135
369235707
268915530
665373852
251149585
673277326
591856254
845026080
248905088
101836816
638453250
163222112
662599477
579647525
480021961
748703539
158513204
699030976
415591757
571834296
401266707
726990675
801723006
39625124
774426783
212360897
513178946
542427594
929020914
179899023
741549149
899361180
395567978
186060914
521725508
855052957
645454334
386691825
50440988
49215451
697948850
684970051
96512155
460195610
597623504
589135319
566522238
306628580
328702633
673073473
459768129
395005267
31267250
293944984
129249618
1948566
298695908
13114724
677487751
490913199
808344230
768788214
86967240
359255837
478725723
585679063
798118578
513852553
408659995
693204761
185097535
577293135
449236800
746375671
10876349
961122864
585061195
770130046
801970251
465583947
104370448
500213523
620844402
427555341
806563736
800481871
142888004
132680070
232975084
663644003
314164392
434788420
188086048
653966723
501423761
584564475
197705223
317775298
883482211
324371129
86256814
657419400
455959618
798811281
356128600
788858745
717056772
874247564
622144544
237873205
52367944
183859632
823064838
759512083
927613298
75682100
415067318
530255583
75847845
891235795
654731319
985102690
290952672
490580744
977733235
720493011
578820389
295637567
182535944
287645165
719575491
355660768
306673936
815561447
911575462
792756880
681324594
584714612
443410877
101096582
442626318
424137905
156132578
598731512
811406542
155692653
481537416
180511782
198692753
850835125
922787979
228212301
780289924
624726208
87395593
313533881
282251035
215911067
455732989
410099242
225951773
554318009
673863302
447314030
39481165
562459652
895093597
561475979
992268420
562575116
617979309
311260469
710371192
589579536
78837163
406767428
902916432
585599053
479939483
998248126
877356937
180934231
996523710
562518134
544434073
107842715
566119637
33062408
373519508
705686174
149435181
618002441
611686065
875198526
339410336
830672091
505300821
509250236
415115090
429152052
63285484
459213249
988117952
546525177
888508648
140462186
533276695
561085298
2166600
626526036
690453110
553179225
795166239
220139385
309142072
997125582
883605322
404153150
962133664
607559892
51402188
198852620
780992657
568837310
282979277
316560353
198597546
59462760
141222208
323155049
321378367
251349823
852132314
449122400
495262365
329782161
468819738
673535833
774104318
971855939
708394990
496012305
244359865
336957855
47094634
377643136
367498309
272608854
187427995
894619132
118879648
655314713
252695800
286810837
253720481
196469037
730768572
898525842
205021586
560886001
416564847
64135330
579776116
413859356
362315511
451610179
568112665
715932363
722655937
430793374
150807950
869219202
580182556
427612087
290496324
377965495
813679704
267177785
106858402
163085089
969752181
462680016
895047772
855058816
205358584
600150922
568878783
399090018
127002938
791649781
507216634
43678530
273788238
90912789
468250636
606126539
743719180
458011077
971628333
53908887
488711056
224703626
636261395
830136966
163611062
771852327
973725771
532437995
10230386
897353153
446670563
729305630
998240252
693251647
126297063
976365621
343195608
582075791
727539754
314453660
737854
818920021
885401660
680254700
628687179
650485012
944238726
486022954
575065868
233298907
197131757
558428065
104575531
977514413
610485696
704940676
352246752
734822025
260776456
680419121
162820224
249009590
364753861
481011389
877709299
538730609
662500098
959101519
508014652
780301017
853152324
261669261
638784365
982235169
244200729
739206617
798108404
603392353
231121698
975512045
95066959
690529015
821600606
720763376
720272415
701912059
13922329
653842174
285695378
32450186
462434759
409665349
268824058
211640391
364156547
911290504
352096089
708230283
350638262
620191827
147466980
915648481
76956540
333032239
951183345
286644017
143917075
748923372
684896084
75277907
974022058
19775090
654697575
929566438
230812593
533482861
14478865
584522706
368937387
104852341
366968606
884509493
285111257
575515789
46555394
310174095
721910575
167604392
366702250
699340628
618558479
183038932
41071220
464645656
192156038
458207700
320903654
552704533
487524090
537841003
216107896
23147700
510937241
372368054
73852639
814275688
520107549
537291383
755989547
580584215
244587060
634150233
571550502
672288518
390750617
20508080
461509503
29678742
182494078
511815380
706669795
553685680
790773765
482386111
809056466
539489565
656415261
216949772
938972247
606487755
603030229
951876231
304193911
788995676
463921828
111936177
120212791
337479910
151296536
594074877
521374993
894856577
576052522
276401992
412236888
680154198
840939810
197673412
939271615
950083168
205264017
459260345
430669765
96937973
809674362
942797822
694256282
522623935
370050584
930716507
490530479
655208583
103560413
895292555
729016065
508796076
369885596
935323271
926502799
430071503
286737766
101713946
623426595
597180884
811315714
669298332
739251472
300936525
819489523
508586558
556682702
673944108
511676995
499379806
143544090
994081528
616052393
809613248
963023855
321851382
407789745
450698522
789054300
778445820
196178068
863103761
174390217
661249681
381559416
956492517
723826593
844002705
32607285
330743468
941167314
166554820
992877333
915499586
766836463
113013119
390231232
186563961
174464431
964149574
967166599
232179980
398453916
681960532
981134547
593765029
62427809
450678575
537975889
625784049
908843609
635383128
550873098
477248598
226075062
526640507
954084501
614384536
6413797
936825997
791868644
863748453
884306124
36494139
172201643
823277879
958331871
35372371
857153498
569545360
386224182
383551442
548805052
319770732
942518529
69089137
793793473
564422654
143015891
764914652
749644285
759939270
216952716
60587176
219335127
364870751
503831615
859537164
553917892
293159016
948805142
648921536
156049605
169978483
584449485
289952568
164395273
860798518
28654996
863391199
25015675
509861147
982571063
21379841
372673888
516770548
697333608
644346698
458761315
67404426
980698817
800382970
984274392
186872347
920653289
82038239
492331397
101398151
393022270
494573918
453131641
641513941
236725033
411627373
712709313
408077027
272722699
273814004
529659759
246564245
900071123
971914174
601566304
451740747
412148853
35955835
957452232
731405760
969353864
412083596
44382744
996364815
484446700
269014757
954039421
446431348
445185564
794094823
352994013
358180706
700002725
871207894
313486215
982798558
202038620
372085228
283525338
163504542
246822482
721368426
945933636
213330362
678242089
869647395
212652053
396024502
627998075
878159352
86976478
89475564
141791414
706038528
236739837
954373626
411864565
513075369
2659849
294142766
601588309
834174299
486214405
60028270
222519299
253437770
960441701
912933931
929537965
28510834
347659806
77169338
385561011
442824913
483140837
534477588
154198418
29449736
85798392
321551315
707749874
653258864
970931551
799304313
213770858
296389047
180895316
534937847
292778845
824520892
649405464
592204943
204224872
128979868
256589757
420859989
892294239
5773143
955601427
182337047
707230839
710411871
584630705
121798715
82369292
438010966
148469480
268217191
972729349
451233359
13835330
501583121
989902137
241802521
601763157
38807195
447187392
478862601
717508520
41877129
826483113
135082327
86776574
660952424
988360772
952943299
752484576
428126567
341617662
323471150
450746207
714133151
871412184
637964657
984867521
100476648
811571059
227876745
959798545
974444953
389617399
535149771
738231580
682321143
375074288
636230207
977340135
853579840
15254158
568846021
658058447
278043564
950446708
768884659
118694645
926167663
577719948
452691307
302464299
572718031
541047593
341222926
459104059
463270944
682980676
37320173
736916570
231958462
673614222
232139761
87397833
298485199
285186462
882280135
905141936
950016146
332320817
142087594
709336879
392839904
973993037
164267999
488505919
870757696
471311708
546893309
662340972
579359614
104381656
275875433
662429676
556886162
572767133
77218546
188321408
699742283
832667766
327535418
979085589
474139310
103990251
190850157
346729363
160809523
893627275
148543113
420651605
322120493
48348652
213330119
754729387
992290379
923100876
202930419
952411582
367581312
39165263
364829647
424994104
135023426
136626482
716002715
843372969
715694847
726969159
431369831
545506285
429064811
633351979
37651065
368993616
576542439
111237304
255729803
59424072
943574604
539543982
549325352
721575310
725767771
115868753
520674379
567236286
900010124
98913598
574514103
453351175
168310410
94955932
744575013
495210605
917183847
483865835
16545361
62811169
311992872
245144686
53412652
510350743
178529496
379669105
138579754
951323805
624377789
186727596
445527934
978723734
851776798
877774459
398369893
284826560
599863737
933979812
81777849
348831383
989179969
853871494
98826752
692914424
757225761
758288098
894157469
200649017
210810634
858000269
918171746
865131197
188857695
413379857
704647463
475935190
840526352
122329417
40224941
92218741
838720529
598318306
518433617
835176046
287847710
442103027
652834433
964060190
626317058
644153562
81621527
656615453
668820542
219302536
245157410
916333987
981490543
913016318
7306527
137679582
737020572
136197337
899463573
958491146
570462973
400471272
647985356
828321542
481113174
5280964
393367388
656812115
200200638
799264429
248125844
322398184
712606570
41874377
398404777
956945203
264265446
260799651
153101529
499579671
685247384
16118854
137285723
601854072
128065999
873478082
925011458
967367153
4769505
852486344
514266745
385986280
115965708
460074486
857750011
13086322
787818840
138486434
585369157
522749844
577168187
903683620
14829447
508011925
592231265
153896555
167829188
953523021
641374881
166175056
105637355
563323057
142558910
132147848
965251882
399706122
894464362
417754702
443566470
598642025
743933184
225497529
391629352
71675419
460172026
631355797
823735732
497000333
312096414
96637435
697616080
330737001
108020546
346663051
746896698
381117151
289769762
529083905
405568065
142971115
867999776
265386560
611532999
774222553
451607112
219578675
774211759
784201703
584807643
691036202
348721771
400502415
404680016
192675500
413627026
74169030
793145173
341749392
685981051
913013596
959353706
78484087
479101830
37632590
780244303
120180112
673771107
483337975
802231667
704681968
878839323
272716312
700035561
714565308
29713308
358523157
221105887
208333013
517870863
36899915
901734221
396719638
537498177
922241232
231516091
763888901
594840697
302272101
381102300
773058539
552092134
347608226
786266390
86643091
730686904
861965592
281849773
305758425
494944597
978523439
291990662
685400881
915697590
305497342
422381627
379311184
945260329
495477880
433679505
408596446
850484739
331948472
17243566
607096952
301142663
604439989
640473724
719721777
916488853
549491759
403263952
646458372
552871880
972996600
510541994
895930607
698317123
909012193
875111788
858215865
388995911
372454590
478805113
16045353
38856199
163275180
563679534
4763853
741675658
33273203
652962609
114606820
815914137
642208160
714323286
772653364
592277749
103553249
473617823
656247839
418451077
130817835
129992437
624182492
509300708
921041348
932364600
257834520
449520397
1926871
882596579
533046065
617920581
592643672
236233419
884471547
793467187
881882868
786441394
382153442
211777812
15595924
795826230
224000755
100900239
333881790
892541429
33081721
735040235
512525935
389210079
728104063
662103847
200456605
670369610
238427417
626879026
704832782
951282367
1722933
180029681
36087991
833667716
827612760
972621228
852410510
965723696
213134911
223330924
898274316
384631239
680246390
666721136
196520511
303976914
954697170
878990316
677520917
78274503
848629361
495633663
84016612
27589650
876878544
175119675
148227826
86819509
927590615
358232624
482817771
114651483
635944507
158666821
864986314
573554793
704914033
382796173
492563311
467145059
462326832
499397653
484508721
230608120
380537803
956569395
327605125
445503622
741376522
724517295
304422073
255234495
289517863
645856316
861206290
75909360
809080418
791643206
902991760
141303687
38855963
547958371
817474897
459958194
721540463
478394572
920116374
569086574
23207862
638535871
135236734
494525053
147246556
279286703
866718411
45970518
817471069
843369556
748399785
137210261
984884213
385931791
249801262
574808104
288661163
25614668
741441977
898695731
739676766
446433703
397901627
333065472
925225684
203369516
964319670
877343907
190391250
377218984
637634109
978092317
956030615
574660675
599665070
678187264
573315781
998306923
751398152
809776922
276451344
766219283
270770669
777960044
765270573
588282485
343348989
856907964
900533211
884448814
282926321
378773178
935079491
647796410
668088260
52289848
745010967
8936866
531175752
119442383
827189311
710236158
506457066
460108705
421955341
431560416
903832386
438003415
495201979
250313671
186765624
145109497
87246691
177417199
785529340
507484753
426294952
778772045
934496370
376720911
659736938
357728898
767515247
79014340
248397451
215266998
501207326
496468012
55217246
557885100
714257774
870729144
293271998
517317969
465610157
841280969
914480333
188685806
277900180
16790395
630383811
52383492
387872285
498161051
692683984
441668399
849748240
106561039
252996357
303283203
6809127
454227042
623828732
101039100
201010258
116502985
838230481
797539958
349457429
238147650
426990498
852767844
992144202
468033659
654784091
878080129
198771808
622945846
387816785
333566589
426819985
28032512
889344826
940962439
961808428
428168720
562755034
501587980
426639859
933260271
820973675
196914319
723744198
994216440
893339927
793783127
767577123
545175373
644150075
85196876
401295284
623518455
707247855
774851004
393438373
364502194
741795928
543161670
652168982
434522474
651750011
572100949
416776620
769107765
12655278
975233861
864977105
140383285
890165347
744498319
256297622
652225963
683259895
119239045
70083628
464646251
928865472
244728969
557622235
814295506
960576100
986137738
711837013
85289399
525194543
972669055
336920793
816355036
250437060
215722825
145880602
439740605
567887621
11139422
140987954
176352812
691491135
998240084
913757434
13896600
145276035
513214828
984433205
607758322
790749664
840260159
431808146
862555681
176043897
719894543
57518910
218964893
106027204
849720498
725290033
325414849
254943535
388982645
517119668
57841418
499958839
193602098
300634979
602319816
974510228
797738250
7410901
874774332
778616957
639246946
453084751
448723795
388253104
311218382
574266574
427708517
333363153
928988456
162689308
82913905
636378672
396228716
607417585
98795340
429971164
745383903
993925117
397181930
508777324
917732191
761800277
880306029
80007461
606864376
679010115
283358646
415891572
690752309
958820237
532047406
378656749
116782950
663050954
952747620
672726738
264242185
591969581
403748310
978847680
500743051
167412128
351352147
987444238
339920233
779328004
9708472
736192317
277539331
759055485
874032001
153951830
810715022
294226250
268548161
158850505
480619684
489252851
